#sample	Africa	Europe	Middle_East
Mozabite11	0.07486 (#a32e2e)	0.14844 (#0a0ae0)	0.77669 (#f4a500)
Mozabite14	0.13604 (#a32e2e)	0.11162 (#0a0ae0)	0.75234 (#f4a500)
Mozabite27	0.12572 (#a32e2e)	0.12313 (#0a0ae0)	0.75115 (#f4a500)
Mozabite26	0.12969 (#a32e2e)	0.12144 (#0a0ae0)	0.74887 (#f4a500)
Mozabite24	0.12523 (#a32e2e)	0.13092 (#0a0ae0)	0.74385 (#f4a500)
Mozabite15	0.13533 (#a32e2e)	0.12223 (#0a0ae0)	0.74244 (#f4a500)
Mozabite25	0.12831 (#a32e2e)	0.13515 (#0a0ae0)	0.73654 (#f4a500)
Mozabite12	0.13266 (#a32e2e)	0.13108 (#0a0ae0)	0.73626 (#f4a500)
Mozabite20	0.12219 (#a32e2e)	0.14468 (#0a0ae0)	0.73312 (#f4a500)
Mozabite16	0.14949 (#a32e2e)	0.11833 (#0a0ae0)	0.73218 (#f4a500)
Mozabite13	0.12384 (#a32e2e)	0.14980 (#0a0ae0)	0.72637 (#f4a500)
Mozabite22	0.13212 (#a32e2e)	0.14193 (#0a0ae0)	0.72596 (#f4a500)
Mozabite1	0.13262 (#a32e2e)	0.14385 (#0a0ae0)	0.72353 (#f4a500)
Mozabite2	0.12143 (#a32e2e)	0.15662 (#0a0ae0)	0.72195 (#f4a500)
Mozabite10	0.15946 (#a32e2e)	0.12156 (#0a0ae0)	0.71898 (#f4a500)
Mozabite17	0.15405 (#a32e2e)	0.12890 (#0a0ae0)	0.71705 (#f4a500)
Mozabite4	0.16030 (#a32e2e)	0.12349 (#0a0ae0)	0.71621 (#f4a500)
Mozabite5	0.17431 (#a32e2e)	0.11769 (#0a0ae0)	0.70800 (#f4a500)
Mozabite6	0.14154 (#a32e2e)	0.15243 (#0a0ae0)	0.70603 (#f4a500)
Mozabite7	0.18479 (#a32e2e)	0.13122 (#0a0ae0)	0.68399 (#f4a500)
Mozabite8	0.18714 (#a32e2e)	0.13720 (#0a0ae0)	0.67565 (#f4a500)
Mozabite23	0.18167 (#a32e2e)	0.15289 (#0a0ae0)	0.66544 (#f4a500)
Mozabite21	0.22315 (#a32e2e)	0.12378 (#0a0ae0)	0.65307 (#f4a500)
Mozabite3	0.14188 (#a32e2e)	0.20644 (#0a0ae0)	0.65168 (#f4a500)
Mozabite9	0.31801 (#a32e2e)	0.09954 (#0a0ae0)	0.58244 (#f4a500)
Mozabite19	0.57777 (#a32e2e)	0.07445 (#0a0ae0)	0.34779 (#f4a500)
Mozabite18	0.74773 (#a32e2e)	0.03560 (#0a0ae0)	0.21667 (#f4a500)
