#sample	Africa	Europe	Middle_East
Mozabite1	0.17150 (“#0000ff”)	0.24218 (“#850b39”)	0.58632 (“#F4A500”)
Mozabite2	0.18470 (“#0000ff”)	0.25201 (“#850b39”)	0.56329 (“#F4A500”)
Mozabite3	0.17864 (“#0000ff”)	0.28395 (“#850b39”)	0.53741 (“#F4A500”)
Mozabite4	0.21566 (“#0000ff”)	0.22309 (“#850b39”)	0.56125 (“#F4A500”)
Mozabite5	0.22320 (“#0000ff”)	0.22853 (“#850b39”)	0.54826 (“#F4A500”)
Mozabite6	0.19249 (“#0000ff”)	0.23557 (“#850b39”)	0.57193 (“#F4A500”)
Mozabite7	0.22820 (“#0000ff”)	0.22523 (“#850b39”)	0.54657 (“#F4A500”)
Mozabite8	0.22409 (“#0000ff”)	0.23297 (“#850b39”)	0.54294 (“#F4A500”)
Mozabite9	0.34554 (“#0000ff”)	0.20256 (“#850b39”)	0.45190 (“#F4A500”)
Mozabite10	0.21239 (“#0000ff”)	0.22264 (“#850b39”)	0.56497 (“#F4A500”)
Mozabite11	0.15227 (“#0000ff”)	0.24533 (“#850b39”)	0.60240 (“#F4A500”)
Mozabite12	0.18177 (“#0000ff”)	0.25172 (“#850b39”)	0.56651 (“#F4A500”)
Mozabite13	0.18975 (“#0000ff”)	0.24075 (“#850b39”)	0.56949 (“#F4A500”)
Mozabite14	0.18942 (“#0000ff”)	0.25011 (“#850b39”)	0.56047 (“#F4A500”)
Mozabite15	0.19352 (“#0000ff”)	0.23722 (“#850b39”)	0.56926 (“#F4A500”)
Mozabite16	0.19139 (“#0000ff”)	0.23370 (“#850b39”)	0.57491 (“#F4A500”)
Mozabite17	0.19905 (“#0000ff”)	0.24107 (“#850b39”)	0.55988 (“#F4A500”)
Mozabite18	0.71251 (“#0000ff”)	0.07502 (“#850b39”)	0.21246 (“#F4A500”)
Mozabite19	0.55750 (“#0000ff”)	0.11768 (“#850b39”)	0.32482 (“#F4A500”)
Mozabite20	0.18278 (“#0000ff”)	0.22071 (“#850b39”)	0.59650 (“#F4A500”)
Mozabite21	0.26945 (“#0000ff”)	0.20942 (“#850b39”)	0.52114 (“#F4A500”)
Mozabite22	0.19248 (“#0000ff”)	0.24594 (“#850b39”)	0.56158 (“#F4A500”)
Mozabite23	0.21195 (“#0000ff”)	0.23539 (“#850b39”)	0.55266 (“#F4A500”)
Mozabite24	0.20211 (“#0000ff”)	0.23858 (“#850b39”)	0.55931 (“#F4A500”)
Mozabite25	0.19306 (“#0000ff”)	0.24010 (“#850b39”)	0.56684 (“#F4A500”)
Mozabite26	0.19183 (“#0000ff”)	0.23232 (“#850b39”)	0.57586 (“#F4A500”)
Mozabite27	0.19660 (“#0000ff”)	0.24684 (“#850b39”)	0.55656 (“#F4A500”)
